77.75	771.2924
77.777	771.29915
77.803	771.27333
77.831	771.25024
77.859	771.15327
77.886	771.1459
77.913	771.16125
77.941	771.07593
77.967	771.08022
78.222	771.04866
78.249	771.07751
78.277	771.05725
78.303	771.06094
78.33	771.0529
78.358	771.02037
78.386	771.04553
78.411	771.08665
78.438	771.09891
78.464	771.1185
78.489	771.09825
78.513	771.03503
78.536	771.07984
78.561	771.08532
78.586	771.13378
78.612	771.1123
78.635	771.09328
78.658	771.09328
78.681	771.06191
78.704	770.98949
78.729	771.02386
78.753	771.00115
78.776	771.04352
78.799	771.02636
78.821	771.04293
78.846	771.0859
78.865	771.07423
78.886	771.05494
78.907	771.05672
78.926	771.01867
78.944	771.00516
78.964	771.00271
78.981	770.9898
79	771.02479
79.02	770.97691
79.041	770.98612
79.06	771.01373
79.077	770.98549
79.097	771.00636
79.115	770.89773
79.133	770.84126
79.15	770.76366
79.164	770.85761
79.18	770.89873
79.198	770.82017
79.212	770.78317
79.225	770.81975
79.239	770.85596
79.254	770.83877
79.271	770.86209
79.301	770.80562
79.332	770.82648
79.365	770.84673
79.39	770.81052
79.413	770.83998
79.431	770.86758
79.447	770.85469
79.46	770.8461
79.467	770.8461
79.47	770.88847
79.471	770.89769
79.469	770.87252
79.462	770.87989
79.454	770.90505
79.442	770.87987
79.425	770.89153
79.406	770.94738
79.388	770.90749
79.366	770.95529
79.34	770.90286
79.311	770.98081
79.276	770.99431
79.234	771.0072
79.185	770.98755
79.137	771.04585
78.419	771.23179
78.373	771.1784
78.327	771.22995
78.282	771.2747
78.238	771.2974
78.195	771.25444
78.153	771.31888
78.109	771.34639
78.069	771.38663
78.026	771.39522
77.986	771.39399
77.945	771.41609
77.906	771.41033
77.867	771.45381
77.829	771.42926
77.791	771.44706
77.752	771.48204
77.712	771.48878
77.674	771.49614
77.639	771.49982
77.602	771.51885
77.564	771.5012
77.529	771.52412
77.494	771.53946
77.461	771.57199
77.425	771.5634
77.393	771.53945
77.36	771.63396
77.329	771.61678
77.295	771.6266
77.264	771.61493
77.235	771.56889
77.204	771.64008
77.175	771.65051
77.145	771.65788
77.118	771.63479
77.09	771.71358
77.063	771.71665
77.036	771.72524
77.01	771.71604
76.984	771.75705
76.958	771.70671
76.934	771.74169
76.912	771.74599
76.888	771.76735
76.865	771.7407
76.843	771.79471
76.822	771.7855
76.8	771.79103
76.779	771.80965
76.759	771.84533
76.738	771.8527
76.72	771.85884
76.699	771.85822
76.68	771.87172
76.661	771.9018
76.642	771.97545
76.624	772.00797
76.608	771.96909
76.591	772.02656
76.573	772.05295
76.554	772.04252
76.536	772.05295
76.519	772.02414
76.5	772.00574
76.481	771.99224
76.462	772.02231
76.441	772.02301
76.42	772.03192
76.398	772.04481
76.375	772.10618
76.349	772.08164
76.324	772.13784
76.295	772.07444
76.265	772.10636
76.236	772.1438
76.206	772.17387
76.172	772.14198
76.139	772.15426
76.107	772.18863
76.072	772.15119
76.036	772.17694
76	772.21312
75.963	772.20084
75.928	772.24258
75.894	772.2438
75.858	772.24756
75.818	772.2752
75.781	772.25801
75.745	772.24389
75.707	772.25003
75.669	772.2985
75.632	772.31937
75.59	772.31998
75.551	772.30832
75.514	772.33344
75.479	772.33954
75.442	772.29044
75.405	772.36532
75.367	772.35734
75.33	772.3527
75.293	772.38642
75.254	772.38274
75.213	772.36187
75.174	772.41651
75.132	772.33614
75.088	772.4681
75.044	772.47301
74.996	772.44232
74.948	772.44657
74.899	772.51712
74.849	772.46679
74.794	772.50116
74.742	772.53491
74.687	772.50918
74.63	772.53496
74.573	772.50489
74.518	772.53251
74.461	772.53974
74.402	772.54015
74.342	772.5555
74.283	772.56225
74.224	772.59539
74.166	772.56526
74.103	772.60146
74.044	772.59901
73.978	772.60146
73.919	772.63577
73.862	772.60543
73.805	772.62507
73.75	772.66251
73.694	772.67539
73.639	772.67536
73.583	772.62071
73.531	772.67595
73.48	772.67779
73.428	772.68024
73.374	772.72937
73.326	772.72446
73.276	772.77786
73.228	772.78277
73.18	772.78141
73.134	772.83083
73.087	772.82653
73.043	772.84985
72.997	772.86274
72.955	772.88201
72.915	772.8699
72.873	772.86376
72.831	772.85762
72.793	772.87788
72.758	772.87409
72.721	772.90784
72.683	772.91705
72.648	772.87286
72.615	772.87965
72.584	772.92573
72.551	772.92021
72.512	772.94415
72.481	772.91775
72.449	772.88088
72.419	772.92199
72.39	772.90971
72.363	772.92812
72.336	772.92253
72.308	772.94248
72.282	772.94493
72.256	773.01551
72.229	772.948
72.206	772.93347
72.185	772.95823
72.166	772.9883
72.148	772.96436
72.125	772.96743
72.103	772.95878
72.084	772.97658
72.069	772.99069
72.047	772.97228
72.028	772.97459
72.012	773.01967
71.995	772.9853
71.979	773.02887
71.965	773.01292
71.948	773.0266
71.935	773.0126
71.92	773.04206
71.906	773.02978
71.894	773.00094
71.881	772.99254
71.865	773.02813
71.846	773.07048
71.827	773.05146
71.806	773.01094
71.781	773.06924
71.755	773.01952
71.726	773.02934
71.694	773.03609
71.659	773.06707
71.621	773.05364
71.58	773.08617
71.538	773.07451
71.494	773.0837
71.447	773.08672
71.396	773.08304
71.346	773.12661
71.294	773.17633
71.23	773.12618
71.165	773.18712
71.098	773.18466
71.025	773.18344
70.951	773.19019
70.869	773.20062
70.788	773.21842
70.705	773.28716
70.618	773.29452
70.527	773.2761
70.436	773.30678
70.343	773.29757
70.249	773.35404
70.15	773.30003
70.055	773.37606
69.96	773.38278
69.866	773.39382
69.758	773.45581
69.663	773.4484
69.571	773.5032
69.479	773.49951
69.386	773.51793
69.293	773.53634
69.204	773.53202
69.115	773.53691
69.026	773.59398
68.938	773.59767
68.853	773.60319
68.766	773.62921
68.682	773.62604
68.597	773.67146
68.516	773.66164
68.437	773.69977
68.357	773.6688
68.275	773.72772
68.199	773.70317
68.125	773.75656
68.049	773.76021
67.973	773.74054
67.901	773.7522
67.83	773.79578
67.762	773.81542
67.692	773.84728
67.626	773.87673
67.561	773.85648
67.495	773.82027
67.429	773.91967
67.366	773.88587
67.304	773.90551
67.233	773.91472
67.172	773.92147
67.112	773.90312
67.053	773.94488
66.993	773.93568
66.935	773.96023
66.877	773.97376
66.821	774.00043
66.767	774.00289
66.709	774.03665
66.653	773.99246
66.598	774.05871
66.544	774.07341
66.492	774.03658
66.435	774.05991
66.382	774.05254
66.332	774.07679
66.275	774.06321
66.213	774.14177
66.148	774.16202
66.072	774.14114
65.978	774.16012
65.866	774.23868
65.737	774.27918
65.584	774.35283
65.408	774.36795
65.201	774.4617
64.974	774.49177
64.716	774.58445
64.436	774.65073
64.122	774.67638
63.797	774.67945
63.397	774.80834
63.014	774.90838
62.612	774.98077
62.173	775.08384
61.718	775.23114
61.222	775.33179
60.698	775.47848
60.124	775.53059
59.542	775.61159
58.924	775.70059
58.296	775.77485
57.655	775.94609
57.02	775.98109
56.365	776.15049
55.726	776.19529
55.067	776.28551
54.419	776.37821
53.769	776.57831
53.123	776.71701
52.469	776.70228
51.835	776.79434
51.185	776.90235
50.554	776.98827
49.913	777.05762
49.282	777.20492
48.655	777.27793
48.037	777.39205
47.411	777.49883
46.809	777.6001
46.194	777.67743
45.602	777.70811
45.003	777.80262
44.329	777.88854
43.761	777.89652
43.182	778.01743
42.622	778.17209
42.066	778.25126
41.521	778.30527
40.976	778.37646
40.456	778.41879
39.927	778.49301
39.415	778.60717
38.913	778.65872
38.421	778.71089
37.925	778.80048
37.456	778.81766
36.98	778.88947
36.514	778.9533
36.058	778.99871
35.612	779.12083
35.16	779.11224
34.728	779.17177
34.298	779.18221
33.884	779.28776
33.478	779.30003
33.098	779.29634
32.714	779.36508
32.335	779.43382
31.952	779.44789
31.572	779.50066
31.175	779.53318
30.78	779.56142
30.387	779.58964
29.995	779.66266
29.589	779.69151
29.14	779.71176
28.752	779.72281
28.355	779.76337
27.978	779.77998
27.601	779.83031
27.233	779.81312
26.862	779.80821
26.514	779.87448
26.16	779.8395
25.815	779.87878
25.476	779.90639
25.15	779.90442
24.82	779.92017
24.498	779.93306
24.189	779.89378
23.887	779.90299
23.582	779.93922
23.286	779.89443
23.002	779.91468
22.726	779.96501
22.448	779.95883
22.101	779.92596
21.917	779.93026
21.74	779.90141
21.56	779.86459
21.387	779.91062
21.211	779.92473
21.043	779.94252
20.879	779.95233
20.723	779.88544
20.566	779.87316
20.414	779.92594
20.261	779.90078
20.114	779.91185
19.972	779.90083
19.836	779.86216
19.7	779.8462
8.48	779.8505
19.25	779.81429
19.218	779.79772
19.141	779.80879
19.048	779.81309
18.942	779.77688
18.836	779.79775
18.726	779.8358
18.623	779.77811
18.52	779.79715
18.422	779.76279
18.323	779.71799
18.229	779.72658
18.136	779.74131
18.047	779.6781
17.961	779.70019
17.879	779.70083
17.798	779.65237
17.722	779.64316
17.645	779.67876
17.572	779.65175
17.5	779.66096
17.431	779.6407
17.365	779.59834
17.302	779.59588
17.24	779.59588
17.182	779.55783
17.124	779.56827
17.069	779.5787
17.014	779.56199
16.962	779.53854
16.91	779.51706
16.861	779.51828
16.812	779.50908
16.768	779.50785
16.725	779.50416
16.684	779.52072
16.643	779.52011
16.605	779.51274
16.568	779.47346
16.533	779.52318
16.498	779.52502
16.465	779.49358
16.435	779.51118
16.405	779.49645
16.377	779.50688
16.35	779.47804
16.324	779.45472
16.299	779.41605
16.275	779.45291
16.251	779.44617
16.228	779.43021
16.207	779.46336
16.186	779.44249
16.168	779.43696
16.149	779.41304
16.132	779.4106
16.105	779.44497
16.082	779.42472
16.06	779.43024
16.039	779.43457
16.02	779.42292
16	779.39224
15.981	779.38549
15.962	779.37935
15.944	779.38667
15.924	779.38851
15.907	779.38421
15.891	779.321
15.875	779.39968
15.859	779.43311
15.846	779.38523
15.833	779.4104
15.821	779.40058
15.809	779.41839
15.799	779.37702
15.79	779.39052
15.782	779.38438
15.775	779.3629
15.768	779.42673
15.763	779.39543
15.758	779.40095
15.754	779.37824
15.751	779.395
15.749	779.38791
15.748	779.40264
15.747	779.38975
15.747	779.42166
15.748	779.4376
15.749	779.43208
15.751	779.38237
15.754	779.4063
15.757	779.39771
15.761	779.35168
15.765	779.44681
15.773	779.39218
15.777	779.40323
15.782	779.43614
15.786	779.39969
15.791	779.40399
15.796	779.37514
15.801	779.37944
15.806	779.41197
15.81	779.43834
15.812	779.42787
15.811	779.43154
15.808	779.45425
15.802	779.38797
15.795	779.39472
15.784	779.42049
15.771	779.36276
15.756	779.38727
15.74	779.38973
15.721	779.39648
15.703	779.37193
15.683	779.36456
15.664	779.39038
15.645	779.36675
15.627	779.32326
15.609	779.36806
15.591	779.34903
15.575	779.3564
15.56	779.3521
15.545	779.39732
15.531	779.37064
15.518	779.36389
15.507	779.31724
15.495	779.31111
15.484	779.33504
15.475	779.35713
15.466	779.30062
15.458	779.32516
15.45	779.33621
15.443	779.34234
15.437	779.34971
15.432	779.31902
15.426	779.354
15.421	779.38467
15.418	779.37608
15.414	779.33803
15.41	779.27604
15.406	779.30673
15.403	779.3454
15.398	779.29693
15.39	779.33315
15.38	779.30001
15.37	779.26257
15.357	779.27668
15.342	779.25705
15.326	779.27423
15.311	779.29019
15.295	779.29019
15.28	779.30062
15.264	779.30246
15.249	779.2865
15.235	779.23618
15.222	779.22447
15.208	779.25146
15.196	779.2576
15.184	779.24287
15.172	779.21279
15.161	779.24348
15.149	779.25572
15.137	779.22556
15.123	779.23169
15.107	779.24519
15.09	779.20776
15.07	779.19732
15.049	779.1961
15.026	779.14761
15.004	779.21451
14.982	779.19548
14.96	779.16173
14.938	779.19794
14.917	779.15068
14.897	779.16846
14.877	779.13036
14.857	779.11625
14.839	779.10274
14.821	779.11379
14.804	779.11134
14.787	779.11072
14.77	779.06959
14.754	779.06468
14.739	779.07204
14.724	779.05731
14.709	779.09229
14.695	779.11623
14.681	779.07141
14.666	779.05601
14.653	779.06091
14.639	779.06091
14.626	779.04373
14.611	779.06521
14.597	779.03391
14.583	779.00711
14.569	779.02204
14.553	778.99933
14.536	778.97356
14.515	778.96312
14.491	778.93551
14.463	778.9398
14.434	778.92383
14.403	778.93672
14.371	778.95145
14.338	778.93794
14.305	778.91339
14.272	778.9048
14.24	778.84817
14.208	778.84423
14.178	778.83993
14.148	778.83441
14.119	778.79759
14.091	778.82582
14.064	778.79329
14.039	778.73804
14.014	778.77731
13.99	778.75952
13.967	778.74847
13.945	778.75768
13.924	778.75829
13.904	778.73058
13.885	778.73161
13.867	778.71317
13.85	778.69721
13.833	778.68187
13.817	778.66346
13.802	778.66898
13.787	778.67079
13.773	778.65848
13.759	778.63516
13.746	778.61921
13.733	778.6413
13.721	778.63025
13.709	778.67927
13.697	778.65385
13.686	778.64087
13.675	778.66235
13.665	778.66972
13.655	778.64578
13.645	778.6108
13.636	778.61326
13.627	778.60221
13.619	778.59975
13.61	778.54268
13.601	778.55188
13.594	778.60037
13.586	778.60404
13.579	778.58617
13.571	778.5352
13.564	778.51372
13.558	778.53827
13.552	778.57448
13.545	778.54502
13.539	778.52843
13.533	778.55662
13.527	778.52348
13.522	778.51182
13.516	778.53575
13.511	778.54373
13.507	778.5364
13.501	778.55261
13.497	778.50482
13.492	778.53734
13.488	778.51095
13.484	778.56926
13.48	778.5177
13.476	778.5286
13.472	778.52101
13.468	778.5339
13.465	778.51794
13.462	778.50505
13.459	778.47252
13.456	778.46086
13.453	778.49732
13.451	778.48091
13.448	778.48152
13.445	778.52633
13.442	778.48766
13.44	778.51159
13.438	778.51036
13.434	778.48826
13.432	778.45573
13.43	778.48887
13.427	778.45818
13.424	778.48212
13.421	778.51219
13.418	778.52075
13.415	778.48512
13.411	778.48942
13.406	778.49924
13.4	778.51765
13.391	778.45628
13.378	778.44278
13.363	778.38819
13.343	778.36733
13.322	778.38636
13.296	778.35628
13.268	778.36119
13.238	778.32867
13.207	778.27018
13.17	778.25957
13.128	778.21476
13.077	778.18469
13.02	778.09815
12.954	778.01775
12.886	777.9705
12.816	777.94658
12.747	777.9024
12.676	777.82875
12.608	777.79807
12.54	777.71521
12.475	777.6612
12.41	777.58812
12.349	777.54448
12.291	777.51748
12.237	777.44997
12.182	777.41376
12.132	777.34932
12.082	777.29592
12.034	777.23819
11.987	777.21362
11.943	777.17986
11.899	777.10744
11.858	777.05221
11.818	777.00372
11.782	776.9669
11.746	776.95585
11.711	776.90368
11.676	776.83924
11.644	776.81653
11.612	776.74166
11.581	776.7079
11.55	776.67104
11.52	776.62375
11.491	776.58448
11.464	776.56729
11.436	776.56791
11.409	776.47462
11.383	776.46173
11.357	776.428
11.333	776.41143
11.31	776.37215
11.287	776.29421
11.265	776.2758
11.242	776.27948
11.221	776.21871
11.2	776.2052
11.18	776.12296
11.159	776.13646
11.139	776.07816
11.119	776.07263
11.1	776.03274
11.081	776.0211
11.063	776.00454
11.044	775.94071
11.026	775.87626
11.006	775.86092
10.985	775.80998
10.961	775.76702
10.934	775.66758
10.903	775.60252
10.872	775.52949
10.84	775.43252
10.807	775.38649
10.774	775.29995
10.742	775.29138
10.71	775.19934
10.679	775.12079
10.647	775.04591
10.618	774.98576
10.588	774.91211
10.56	774.86056
10.532	774.798
10.505	774.74031
10.479	774.68324
10.453	774.57461
10.429	774.52919
10.405	774.5028
10.382	774.42671
10.36	774.35123
10.337	774.3273
10.315	774.24506
10.293	774.18859
10.272	774.14134
10.25	774.1039
10.229	774.02962
10.209	773.9529
10.188	773.86207
10.168	773.82709
10.148	773.77922
10.128	773.70127
10.109	773.62671
10.09	773.57963
10.071	773.53912
10.053	773.50537
10.035	773.42497
10.017	773.37525
9.999	773.30161
9.983	773.24755
9.967	773.23771
9.95	773.1475
9.935	773.06403
9.919	773.00756
9.904	772.96153
9.888	772.94494
9.874	772.88844
9.859	772.79576
9.846	772.73009
9.832	772.67363
9.818	772.6546
9.805	772.65031
9.793	772.61755
9.78	772.52718
9.768	772.47379
9.756	772.43758
9.744	772.37007
9.732	772.35718
9.721	772.32527
9.71	772.2498
9.699	772.22219
9.688	772.15161
9.677	772.08348
9.666	772.05586
9.656	772.02272
9.645	771.98454
9.629	771.91873
9.622	771.88007
9.616	771.80765
9.61	771.81194
9.604	771.79169
9.598	771.77021
9.592	771.73093
9.586	771.70945
9.58	771.64519
9.576	771.62871
9.572	771.62455
9.568	771.58777
9.565	771.57733
9.561	771.57549
9.557	771.55831
9.551	771.57242
9.546	771.56199
9.54	771.54787
9.535	771.51473
9.53	771.47054
9.524	771.41899
9.519	771.38707
9.514	771.35637
9.509	771.39319
9.504	771.4024
9.499	771.38829
9.494	771.32507
9.489	771.28395
9.485	771.25633
9.48	771.21583
9.476	771.17348
9.471	771.12008
9.466	771.11137
9.461	771.07135
9.457	771.0676
9.452	771.04858
9.447	771.0093
9.442	770.96879
9.438	770.9559
9.433	770.92644
9.429	770.91294
9.424	770.90128
9.42	770.86262
9.415	770.83374
9.411	770.82942
9.407	770.78399
9.402	770.79259
9.398	770.80241
9.394	770.78338
9.39	770.76436
9.386	770.71526
9.381	770.66738
9.377	770.66923
9.373	770.66063
9.369	770.63978
9.365	770.60358
9.361	770.59683
9.357	770.60297
9.354	770.59376
9.35	770.57597
9.347	770.51766
9.343	770.47593
9.34	770.44954
9.336	770.45874
9.332	770.44831
9.329	770.40088
9.325	770.44121
9.321	770.40982
9.318	770.37054
9.314	770.30242
9.31	770.26866
9.307	770.24657
9.304	770.25946
9.3	770.26621
9.297	770.20176
9.293	770.19501
9.29	770.1821
9.287	770.20662
9.283	770.20232
9.28	770.17163
9.277	770.12621
9.274	770.12069
9.27	770.12744
9.267	770.1035
9.264	770.06422
9.261	770.05441
9.258	770.02556
9.255	770.02374
9.252	770.01639
9.249	769.98878
9.245	769.93968
9.243	769.91697
9.241	769.91268
9.238	769.89427
9.235	769.89734
9.232	769.88445
9.229	769.87095
9.226	769.84762
9.223	769.80969
9.22	769.7914
9.218	769.78164
9.215	769.8025
9.212	769.78164
9.209	769.73192
9.206	769.6951
9.202	769.62391
9.197	769.52141
9.191	769.46127
9.183	769.37903
9.173	769.27716
9.163	769.17898
9.151	769.07895
9.139	768.94393
9.126	768.85433
9.118	768.77393
9.109	768.69169
9.1	768.60208
9.092	768.54501
9.083	768.44497
9.074	768.38605
9.065	768.31608
9.056	768.20684
9.048	768.15528
9.039	768.081
9.03	768.0055
9.022	767.96252
9.009	767.89561
9.001	767.81092
8.993	767.76305
8.984	767.66239
8.976	767.56911
8.968	767.50712
8.96	767.45925
8.952	767.4034
8.945	767.35553
8.937	767.26653
8.929	767.15852
8.922	767.10267
8.914	767.03884
8.907	766.96641
8.899	766.91608
8.892	766.80622
8.885	766.73871
8.878	766.67488
8.871	766.56686
8.864	766.50794
8.857	766.457
8.85	766.37231
8.844	766.33487
8.837	766.29068
8.831	766.21826
8.824	766.144
8.818	766.1041
8.811	766.03107
8.805	765.97461
8.799	765.92735
8.793	765.8267
8.787	765.73648
8.778	765.68431
8.772	765.63398
8.766	765.56893
8.76	765.54561
8.754	765.44986
8.748	765.38051
8.743	765.31607
8.738	765.24181
8.733	765.19394
8.728	765.13747
8.722	765.10188
8.717	765.0092
8.712	764.93985
8.707	764.87295
8.702	764.78949
8.698	764.74468
8.693	764.70172
8.688	764.64648
8.683	764.61825
8.679	764.54829
8.674	764.45684
8.669	764.39915
8.665	764.33471
8.66	764.25308
8.656	764.24756
8.651	764.18557
8.647	764.13709
8.643	764.10456
8.638	764.05055
8.634	763.99409
8.63	763.94867
8.626	763.88298
8.619	763.77863
8.615	763.7289
8.611	763.66445
8.607	763.60123
8.603	763.56625
8.599	763.52697
8.595	763.47051
8.591	763.41527
8.588	763.3674
8.584	763.3048
8.58	763.27166
8.576	763.23422
8.573	763.15259
8.569	763.10165
8.565	763.01021
8.561	762.93533
8.558	762.90648
8.554	762.84265
8.551	762.80213
8.547	762.78311
8.544	762.73155
8.54	762.67632
8.537	762.62845
8.533	762.55357
8.53	762.4701
8.527	762.43389
8.524	762.37006
8.52	762.27801
8.517	762.2553
8.514	762.20681
8.511	762.14851
8.507	762.11414
8.502	762.03372
8.499	761.96005
8.496	761.91278
8.492	761.84096
8.489	761.76425
8.485	761.69367
8.481	761.58995
8.476	761.4402
8.471	761.33893
8.466	761.19041
8.46	761.0517
8.454	760.92711
8.448	760.76325
8.441	760.56685
8.434	760.45086
8.428	760.29006
8.421	760.08814
8.414	759.98687
8.406	759.80643
8.399	759.62354
8.392	759.51675
8.385	759.34122
8.378	759.17981
8.371	759.06504
8.364	758.90486
8.356	758.73179
8.35	758.5937
8.343	758.40958
8.337	758.26535
8.33	758.1469
8.324	758.00083
8.318	757.82285
8.308	757.68782
8.302	757.49683
8.296	757.31258
8.29	757.17993
8.284	757.00739
8.278	756.811
8.272	756.67598
8.266	756.51886
8.261	756.32983
8.255	756.23041
8.249	756.03462
8.243	755.84498
8.238	755.71671
8.232	755.54793
8.227	755.36259
8.221	755.24352
8.216	755.02626
8.21	754.83476
8.205	754.68807
8.2	754.49165
8.194	754.31365
8.189	754.16636
8.184	754.00985
8.179	753.82758
8.174	753.6723
8.168	753.47284
8.163	753.26233
8.158	753.09785
8.153	752.89961
8.148	752.66087
8.143	752.49577
8.138	752.26992
8.13	752.02811
8.125	751.87467
8.119	751.6303
8.114	751.36445
8.109	751.22261
8.104	750.99362
8.099	750.77513
8.093	750.60942
8.088	750.31483
8.083	750.05522
8.078	749.88398
8.073	749.6299
8.068	749.39484
8.063	749.2144
8.058	748.96829
8.053	748.67493
8.048	748.5129
8.043	748.24961
8.039	747.97097
8.034	747.7979
8.029	747.52049
8.024	747.25412
8.02	747.07
8.015	746.75699
8.01	746.4489
8.006	746.26724
8.001	745.97694
7.997	745.72715
7.992	745.53014
7.988	745.21346
7.983	744.93728
7.979	744.71633
7.972	744.41008
7.968	744.09707
7.964	743.85526
7.959	743.53365
7.955	743.23965
7.951	742.99967
7.947	742.66088
7.943	742.29018
7.939	742.02259
7.935	741.61078
7.931	741.16214
7.926	740.86448
7.922	740.3784
7.918	739.86102
7.913	739.51365
7.908	738.94349
7.904	738.34817
7.899	737.95109
7.894	737.32139
7.889	736.70336
7.884	736.27559
7.879	735.60601
7.874	734.96097
7.869	734.51172
7.864	733.8317
7.858	733.1253
7.853	732.6159
7.848	731.81559
7.844	731.03738
7.839	730.52491
7.834	729.73258
7.829	728.93963
7.821	728.40998
7.817	727.54032
7.812	726.72221
7.807	726.12382
7.803	725.20813
7.798	724.31944
7.793	723.65844
7.789	722.65744
7.785	721.66135
7.78	720.94267
7.776	719.80972
7.771	718.70377
7.767	717.91635
7.763	716.75762
7.759	715.54488
7.754	714.69363
7.75	713.32378
7.746	711.9662
7.742	711.02596
7.738	709.53888
7.734	708.00332
7.73	706.94892
7.726	705.24949
7.722	703.52366
7.718	702.31891
7.715	700.36907
7.711	698.38365
7.707	697.00827
7.703	694.78655
7.7	692.51206
7.696	690.88812
7.692	688.26747
7.687	685.52838
7.683	683.58162
7.68	680.45956
7.676	677.21536
7.673	674.9065
7.669	671.16936
7.666	667.20146
7.663	664.35243
7.659	659.62968
7.656	654.53814
7.653	650.85759
7.649	644.74603
7.646	638.14656
7.643	633.27351
7.64	625.02678
7.636	615.89443
7.633	608.99177
7.63	597.05834
7.627	583.31501
7.624	572.70173
7.621	553.6809
7.618	530.8396
7.615	512.56447
7.612	478.57961
7.609	437.53805
7.606	406.43098
7.603	358.63834
7.6	318.85308
7.597	297.85419
7.594	274.83244
7.591	258.00265
7.588	247.21322
7.584	230.88361
7.581	214.00472
7.578	202.93727
7.575	185.8896
7.572	169.05673
7.569	158.40785
7.567	143.07188
7.564	128.82897
7.561	120.15753
7.558	108.20016
7.556	97.55987
7.553	90.95364
7.55	81.89064
7.548	73.5764
7.545	68.44191
7.543	62.14255
7.54	55.58849
7.538	51.94414
7.535	47.57007
7.533	42.55955
7.53	40.10523
7.528	36.2964
7.525	32.59498
7.523	30.93176
7.521	28.12885
7.518	25.64998
7.516	24.58086
7.513	22.28979
7.511	20.40317
7.509	19.64276
7.506	17.79665
7.504	16.51517
7.501	15.77133
7.498	14.21981
7.496	13.01812
7.494	12.33933
7.492	11.38804
7.489	10.46867
7.487	9.9249
7.485	9.09636
7.483	8.34085
7.481	7.96095
7.478	7.36993
7.476	6.81695
7.474	6.52789
7.472	6.05961
7.47	5.66436
7.468	5.46797
7.466	5.07641
7.464	4.81373
7.461	4.64188
7.459	4.29635
7.457	4.06927
7.455	3.98273
7.453	3.82378
7.451	3.82009
7.449	3.87165
7.447	3.91645
7.445	3.85446
7.443	3.79861
7.441	3.58872
7.44	3.54514
7.438	3.53348
7.436	3.4138
7.433	3.2886
7.43	3.06766
7.427	2.58772
7.423	2.05561
7.419	1.72419
7.413	1.31483
7.407	0.9871
7.4	0.84103
7.393	0.56853
7.352	0.07939
7.327	0.20336
7.301	0.25062
7.274	0.1647
7.249	0.03274
7.223	-0.19434
7.199	-0.43799
7.175	-0.50857
7.153	-0.53496
7.131	-0.55337
7.11	-0.52882
7.089	-0.52575
7.069	-0.55828
7.049	-0.58467
7.03	-0.51532
7.011	-0.49445
6.993	-0.53619
6.975	-0.54355
6.958	-0.54233
6.941	-0.49323
6.924	-0.5233
6.908	-0.53926
6.892	-0.51962
6.876	-0.50243
6.861	-0.54601
6.846	-0.50427
6.833	-0.53005
6.819	-0.54417
6.806	-0.51962
6.794	-0.54785
6.781	-0.55276
6.769	-0.5368
6.757	-0.54908
6.745	-0.53067
6.734	-0.51225
6.723	-0.519
6.712	-0.51962
6.701	-0.54171
6.69	-0.5503
6.68	-0.54416
6.67	-0.51532
6.66	-0.53312
6.65	-0.54478
6.64	-0.53128
6.631	-0.54601
6.622	-0.57056
6.613	-0.57853
6.604	-0.56565
6.595	-0.56074
6.587	-0.52821
6.578	-0.54969
6.57	-0.53005
6.562	-0.56503
6.555	-0.57056
6.551	-0.56135
6.551	-0.54294
6.554	-0.52637
6.559	-0.53926
6.565	-0.5589
6.572	-0.58099
6.579	-0.59817
6.587	-0.57178
6.594	-0.5503
6.601	-0.61965
6.609	-0.59511
6.616	-0.53926
6.623	-0.50427
6.629	-0.56196
6.635	-0.5546
6.642	-0.52084
6.648	-0.5681
6.654	-0.56135
6.659	-0.58835
6.665	-0.54601
6.67	-0.54969
6.675	-0.54785
6.679	-0.54294
6.684	-0.57915
6.688	-0.56258
6.693	-0.59326
6.697	-0.57731
6.7	-0.58713
6.704	-0.59511
6.707	-0.56319
6.711	-0.5589
6.714	-0.57362
6.717	-0.57117
6.72	-0.59572
6.722	-0.58651
6.725	-0.5816
6.728	-0.58344
6.73	-0.56135
6.732	-0.5902
6.734	-0.60677
6.736	-0.5546
6.738	-0.60799
6.739	-0.58406
6.741	-0.60063
6.743	-0.59326
6.744	-0.56442
6.745	-0.54908
6.747	-0.55705
6.748	-0.5994
6.749	-0.56012
6.75	-0.57731
6.751	-0.57915
6.752	-0.5951
6.753	-0.58344
6.753	-0.60247
6.754	-0.57976
6.756	-0.53803
6.759	-0.58406
6.764	-0.53373
6.77	-0.56994
6.776	-0.63745
6.783	-0.59633
6.79	-0.59204
6.797	-0.635
6.804	-0.58283
6.811	-0.58406
6.817	-0.57915
6.824	-0.61474
6.83	-0.59265
6.836	-0.59265
6.842	-0.61474
6.848	-0.55767
6.854	-0.57608
6.86	-0.61965
6.865	-0.61106
6.871	-0.61474
6.876	-0.58221
6.881	-0.58835
6.886	-0.60063
6.89	-0.6577
6.895	-0.62149
6.899	-0.58467
6.903	-0.58651
6.907	-0.6129
6.911	-0.60554
6.915	-0.60922
6.919	-0.63745
6.922	-0.64359
6.926	-0.60124
6.929	-0.58222
6.932	-0.55951
6.935	-0.5859
6.938	-0.59449
6.941	-0.5724
6.943	-0.57669
6.946	-0.58467
6.948	-0.58958
6.95	-0.57547
6.952	-0.51532
6.954	-0.55337
6.956	-0.58038
6.958	-0.54969
6.96	-0.55337
6.961	-0.54723
6.963	-0.55521
6.964	-0.58406
6.965	-0.58529
6.967	-0.58958
6.968	-0.60124
6.969	-0.58651
6.97	-0.5411
6.971	-0.55767
6.972	-0.61474
6.973	-0.58283
6.973	-0.56749
6.974	-0.54294
6.974	-0.58283
6.975	-0.55091
6.977	-0.5546
6.982	-0.56442
6.988	-0.54048
6.997	-0.55337
7.006	-0.57424
7.016	-0.56442
7.026	-0.55276
7.036	-0.58774
7.047	-0.56196
7.057	-0.57117
7.066	-0.50611
7.076	-0.45456
7.085	-0.34654
7.094	-0.21888
7.102	-0.12007
7.111	0.00206
7.119	0.07448
7.127	0.1156
7.134	0.17452
7.141	0.19784
7.148	0.19109
7.155	0.22116
7.161	0.25921
7.167	0.26903
7.173	0.29174
7.179	0.28376
7.185	0.24387
7.19	0.21871
7.195	0.2095
7.199	0.18434
7.203	0.17636
7.207	0.05545
7.211	0.0395
7.215	-0.01819
7.219	-0.05133
7.222	-0.02863
7.226	-0.00101
7.23	-0.00101
7.233	0.0039
7.237	-0.02924
7.24	-0.00837
7.243	0.03766
7.246	0.05116
7.248	0.05607
7.251	0.16409
7.254	0.20889
7.256	0.21073
7.258	0.22914
7.261	0.3077
7.265	0.45438
7.27	0.57897
7.276	0.59984
7.283	0.70417
7.292	0.79746
7.299	0.9202
7.305	1.08162
7.311	1.21664
7.317	1.31238
7.322	1.47379
7.328	1.63336
7.333	1.74629
7.337	1.86351
7.342	2.02922
7.347	2.1624
7.351	2.27471
7.355	2.43674
7.359	2.65707
7.363	2.85653
7.367	3.04065
7.372	3.24318
7.376	3.50954
7.379	3.83912
7.383	4.17851
7.386	4.45837
7.389	4.87878
7.392	5.2507
7.395	5.73616
7.398	6.54015
7.402	7.3466
7.404	7.36869
7.407	7.883
7.41	8.32918
7.412	9.27801
7.415	10.03659
7.417	11.06152
7.42	11.74645
7.422	12.95059
7.425	13.87733
7.427	15.03544
7.429	15.85293
7.431	17.26206
7.433	18.6448
7.435	19.95082
7.437	21.29244
7.439	22.94031
7.441	24.43536
7.443	25.59286
7.445	27.16524
7.446	28.29144
7.448	29.37774
7.45	30.84825
7.452	32.38196
7.453	33.99117
7.455	36.42769
7.456	39.04587
7.458	42.04763
7.459	44.29574
7.461	46.32228
7.462	50.88722
7.464	53.87732
7.465	56.94906
7.466	58.19431
7.466	60.79222
7.467	61.39859
7.468	62.63526
7.469	63.19068
7.47	64.49977
7.471	65.96782
7.472	67.19222
7.473	68.04223
7.473	68.81431
7.474	69.56797
7.475	70.62482
7.475	71.68781
7.476	73.20741
7.477	74.89885
7.477	76.71795
7.478	78.80035
7.478	80.55746
7.479	82.22313
7.479	83.50706
7.479	85.03218
7.48	86.4585
7.48	88.69618
7.48	90.55458
7.481	93.60239
7.481	95.36993
7.481	98.73319
7.481	99.65747
7.481	101.97922
7.482	101.44834
7.482	103.71424
7.482	104.93373
7.482	107.71209
7.482	106.97498
7.482	107.7004
7.482	105.64991
7.482	104.17573
7.482	101.43541
7.482	100.09072
7.482	98.70492
7.482	96.97419
7.482	95.02068
7.482	93.79997
7.482	93.51152
7.482	94.4898
7.482	97.59897
7.482	101.93253
7.483	107.03203
7.483	112.61884
7.484	118.98017
7.486	125.24146
7.487	131.52301
7.488	137.93835
7.489	145.32462
7.491	151.91917
7.492	159.61537
7.493	166.47996
7.495	175.10106
7.496	181.63669
7.497	189.84045
7.499	195.65126
7.5	203.65433
7.501	210.12061
7.503	217.98497
7.504	224.1671
7.505	231.12927
7.506	237.11429
7.507	243.53996
7.508	249.42069
7.509	255.41869
7.511	260.97603
7.511	266.39957
7.513	271.523
7.514	276.59795
7.515	281.65202
7.516	287.06023
7.517	293.15704
7.518	300.36593
7.519	309.06129
7.519	319.25046
7.52	330.86287
7.521	343.53152
7.522	356.78996
7.523	370.28837
7.524	383.79108
7.524	397.01331
7.525	409.73228
7.526	421.76572
7.527	433.32166
7.527	444.06687
7.528	454.26279
7.529	463.7253
7.53	472.94293
7.53	475.95943
7.531	479.87503
7.531	487.26252
7.532	497.21663
7.532	506.46127
7.533	515.44936
7.533	523.16018
7.534	529.95654
7.535	536.02568
7.535	541.32034
7.536	545.99267
7.537	550.19244
7.537	554.21851
7.538	558.08931
7.539	561.59311
7.539	564.62432
7.54	567.58312
7.541	570.43097
7.541	573.18063
7.542	575.81606
7.542	578.31149
7.543	580.7296
7.543	583.08571
7.544	585.36634
7.544	587.56902
7.545	589.68885
7.545	591.70741
7.546	593.65171
7.546	595.61444
7.547	597.48142
7.547	599.27474
7.548	600.94962
7.548	602.64413
7.548	604.31041
7.549	606.02027
7.549	607.58099
7.55	609.16564
7.55	610.69813
7.551	612.2073
7.551	613.62684
7.552	615.03288
7.552	616.43156
7.553	617.85173
7.553	619.28234
7.554	620.68595
7.554	622.08894
7.555	623.45142
7.555	624.79427
7.556	626.12668
7.556	627.42656
7.557	628.69576
7.557	629.95698
7.558	631.11693
7.558	632.18482
7.559	633.16679
7.559	634.06039
7.56	634.88585
7.56	635.61435
7.56	636.2244
7.561	636.71907
7.561	637.14746
7.562	637.49419
7.562	637.7145
7.562	637.88388
7.562	637.91948
7.563	637.91641
7.563	637.82312
7.563	637.6433
7.563	637.36282
7.563	637.0087
7.563	636.58707
7.563	636.09178
7.563	635.52517
7.563	634.87509
7.562	634.16003
7.562	633.40145
7.562	632.59624
7.562	631.75665
7.561	630.87534
7.561	629.92835
7.561	628.88992
7.561	627.80177
7.56	626.69521
7.56	625.58252
7.559	624.40661
7.559	623.21106
7.558	621.9075
7.558	620.51433
7.558	619.16719
7.557	617.52791
7.557	615.28288
7.556	614.14564
7.556	616.96573
7.556	626.87811
7.557	642.23548
7.559	658.91237
7.564	673.40685
7.57	685.01803
7.577	694.19269
7.583	701.48996
7.592	707.35661
7.603	712.15476
7.613	716.15138
7.625	719.49253
7.637	722.33902
7.649	724.79192
7.66	726.94839
7.672	728.89689
7.684	730.61902
7.695	732.15334
7.706	733.54038
7.718	734.75618
7.728	735.88053
7.739	736.89564
7.749	737.85245
7.759	738.74113
7.769	739.56719
7.778	740.30671
7.787	741.03765
7.796	741.70723
7.805	742.30316
7.813	742.87577
7.821	743.41156
7.829	743.91421
7.837	744.42544
7.844	744.89495
7.851	745.33377
7.859	745.73392
7.865	746.09847
7.872	746.4753
7.878	746.84231
7.883	747.18416
7.889	747.47753
7.895	747.78869
7.901	748.11703
7.906	748.34534
7.911	748.55892
7.916	748.92654
7.922	750.12285
7.932	752.55643
7.958	756.11614
8.004	760.07961
8.087	763.71351
8.198	766.79935
8.357	769.32056
8.551	771.30843
8.788	772.88818
9.046	774.10275
9.337	775.01844
9.631	775.76348
9.948	776.38823
10.26	776.87859
10.584	777.26586
10.892	777.59727
11.211	777.89248
11.511	778.09132
11.813	778.29386
12.1	778.46263
12.383	778.62159
12.652	778.78852
12.917	778.91986
13.166	779.01438
13.412	779.0868
13.571	779.13835
13.793	779.23532
14.016	779.34641
14.225	779.38691
14.429	779.39612
14.622	779.44215
14.814	779.46731
15.223	779.5661
15.498	779.64402
15.751	779.69005
16.392	779.79991
16.677	779.81513
16.937	779.82285
17.184	779.8744
17.404	779.93393
17.618	779.92534
17.813	779.85686
17.996	779.91834
18.167	779.92079
18.352	779.9656
18.505	780.02877
18.645	779.96092
18.782	780.02782
18.911	779.98608
19.035	780.02598
19.151	780.01121
19.263	780.01118
19.368	780.02468
19.473	780.04125
19.573	780.04985
19.671	779.9977
19.762	780.03883
19.852	780.04926
19.938	780.02594
20.023	780.05847
20.104	779.99832